01d00h31m-01d21h35m:15,10,30,10,30,18
01d01h13m-01d20h38m:08,03,08,23,20,23
01d02h40m-01d22h32m:57,30,57,45
01d03h54m-01d21h25m:25,25,30,25,30,30,35,30
01d05h05m-01d21h37m:42,08,42,15,47,15,47,27,55,27
01d06h25m-01d22h33m:17,15,25,15
01d07h25m-01d20h55m:50,10,55,10,55,25
01d08h50m-01d21h26m:25,45,45,45,45,40
01d10h07m-01d22h29m:10,20,40,20,40,35
01d11h19m-01d20h29m:05,20,05,35
02d00h05m-02d22h40m:15,40,27,40
02d01h06m-02d22h15m:60,10,60,25
02d02h17m-02d23h59m:57,30,57,45
02d03h23m-02d20h00m:25,25,30,25,30,30,35,30
02d04h35m-02d21h33m:15,03,22,03,22,08,37,08,37,12
02d05h42m-02d20h17m:67,37,67,22
02d07h00m-02d20h10m:17,15,25,15
02d07h35m-02d21h33m:25,45,45,45,45,40
02d09h08m-02d21h10m:05,20,05,35
02d09h56m-02d22h11m:15,40,27,40
02d10h58m-02d23h59m:60,10,60,25
03d00h21m-03d23h59m:15,25,15,30,20,30,20,35,30,35,30,40
03d01h23m-03d21h16m:25,25,30,25,30,30,35,30
03d02h19m-03d23h59m:42,08,42,15,47,15,47,27,55,27
03d03h16m-03d22h01m:17,15,25,15
03d04h10m-03d23h59m:50,10,55,10,55,25
03d05h11m-03d21h43m:25,45,45,45,45,40
03d06h11m-03d21h39m:05,20,05,35
03d07h20m-03d23h59m:15,10,30,10,30,18
03d08h09m-03d22h57m:15,40,27,40
03d09h10m-03d20h11m:60,10,60,25
03d10h22m-03d22h46m:57,30,57,45
03d11h15m-03d23h59m:25,25,30,25,30,30,35,30
04d00h15m-04d22h30m:42,08,42,15,47,15,47,27,55,27
04d01h07m-04d20h07m:17,15,25,15
04d01h55m-04d21h48m:50,10,55,10,55,25
04d02h45m-04d21h49m:25,45,45,45,45,40
04d04h03m-04d20h52m:10,20,40,20,40,35
04d04h45m-04d21h04m:15,10,30,10,30,18
04d05h33m-04d22h23m:15,40,27,40
04d06h38m-04d21h44m:60,10,60,25
04d07h27m-04d22h42m:57,30,57,45
04d08h28m-04d20h43m:25,25,30,25,30,30,35,30
04d09h37m-04d20h07m:42,08,42,15,47,15,47,27,55,27
04d10h13m-04d23h59m:67,37,67,22
04d11h23m-04d20h57m:50,10,55,10,55,25
05d00h09m-05d23h59m:25,45,45,45,45,40
05d01h01m-05d21h28m:10,20,40,20,40,35
05d01h51m-05d21h00m:15,10,30,10,30,18
05d02h48m-05d23h59m:15,40,27,40
05d03h59m-05d22h47m:60,10,60,25
05d04h55m-05d23h59m:57,30,57,45
05d05h54m-05d23h59m:15,25,15,30,20,30,20,35,30,35,30,40
05d06h39m-05d20h52m:15,03,22,03,22,08,37,08,37,12
05d07h36m-05d20h35m:42,08,42,15,47,15,47,27,55,27
05d08h41m-05d20h28m:17,15,25,15
05d09h12m-05d21h03m:25,45,45,45,45,40
05d10h16m-05d22h51m:05,20,05,35
05d11h03m-05d22h43m:15,10,30,10,30,18
06d00h06m-06d21h16m:08,03,08,23,20,23
06d01h21m-06d22h39m:60,10,60,25
06d02h37m-06d21h07m:57,30,57,45
06d03h25m-06d22h32m:25,25,30,25,30,30,35,30
06d04h29m-06d23h59m:42,08,42,15,47,15,47,27,55,27
06d05h38m-06d23h59m:17,15,25,15
06d07h01m-06d23h59m:25,45,45,45,45,40
06d08h00m-06d22h54m:10,20,40,20,40,35
06d09h08m-06d20h01m:05,20,05,35
06d09h50m-06d20h27m:15,10,30,10,30,18
06d11h20m-06d23h59m:15,40,27,40
07d00h19m-07d22h40m:60,10,60,25
07d01h22m-07d20h21m:57,30,57,45
07d02h47m-07d20h31m:25,25,30,25,30,30,35,30
07d04h25m-07d23h59m:42,08,42,15,47,15,47,27,55,27
07d05h34m-07d20h36m:67,37,67,22
07d06h48m-07d20h11m:17,15,25,15
07d08h14m-07d22h24m:25,45,45,45,45,40
07d09h42m-07d21h45m:05,20,05,35
07d11h00m-07d22h46m:15,10,30,10,30,18
08d00h06m-08d21h15m:08,03,08,23,20,23
08d01h24m-08d20h10m:57,30,57,45
08d02h12m-08d22h34m:25,25,30,25,30,30,35,30
08d03h01m-08d22h23m:42,08,42,15,47,15,47,27,55,27
08d04h23m-08d23h59m:67,37,67,22
08d05h10m-08d21h00m:50,10,55,10,55,25
08d06h19m-08d21h40m:10,20,40,20,40,35
08d07h20m-08d23h59m:15,10,30,10,30,18
08d08h08m-08d20h22m:08,03,08,23,20,23
08d09h12m-08d20h08m:60,10,60,25
08d10h22m-08d21h06m:15,25,15,30,20,30,20,35,30,35,30,40
08d11h16m-08d22h43m:25,25,30,25,30,30,35,30
09d00h15m-09d23h59m:42,08,42,15,47,15,47,27,55,27
09d00h57m-09d23h59m:67,37,67,22
09d02h17m-09d22h53m:50,10,55,10,55,25
09d02h49m-09d22h50m:10,20,40,20,40,35
09d03h52m-09d22h32m:05,20,05,35
09d05h00m-09d22h51m:15,40,27,40
09d05h49m-09d20h59m:08,03,08,23,20,23
09d06h33m-09d20h37m:60,10,60,25
09d07h42m-09d22h33m:15,25,15,30,20,30,20,35,30,35,30,40
09d08h15m-09d22h02m:25,25,30,25,30,30,35,30
09d09h15m-09d22h07m:15,03,22,03,22,08,37,08,37,12
09d10h05m-09d23h59m:42,08,42,15,47,15,47,27,55,27
09d11h18m-09d20h01m:17,15,25,15
10d00h14m-10d22h53m:50,10,55,10,55,25
10d01h50m-10d22h09m:10,20,40,20,40,35
10d03h10m-10d22h45m:05,20,05,35
10d05h04m-10d21h44m:15,10,30,10,30,18
10d06h08m-10d23h59m:08,03,08,23,20,23
10d07h37m-10d22h49m:57,30,57,45
10d09h39m-10d23h59m:25,25,30,25,30,30,35,30
10d10h57m-10d23h59m:42,08,42,15,47,15,47,27,55,27
11d00h28m-11d23h59m:67,37,67,22
11d01h21m-11d23h59m:50,10,55,10,55,25
11d02h17m-11d21h04m:25,45,45,45,45,40
11d03h24m-11d22h34m:10,20,40,20,40,35
11d04h42m-11d20h05m:05,20,05,35
11d05h31m-11d20h28m:15,10,30,10,30,18
11d06h44m-11d21h35m:15,40,27,40
11d07h39m-11d20h47m:60,10,60,25
11d08h52m-11d22h51m:15,25,15,30,20,30,20,35,30,35,30,40
11d10h03m-11d22h36m:15,03,22,03,22,08,37,08,37,12
11d11h16m-11d23h59m:42,08,42,15,47,15,47,27,55,27
12d00h22m-12d22h54m:17,15,25,15
12d01h00m-12d21h39m:50,10,55,10,55,25
12d01h54m-12d23h59m:25,45,45,45,45,40
12d02h56m-12d21h02m:05,20,05,35
12d03h38m-12d22h18m:15,40,27,40
12d04h34m-12d22h19m:60,10,60,25
12d05h09m-12d21h31m:15,25,15,30,20,30,20,35,30,35,30,40
12d06h11m-12d23h59m:25,25,30,25,30,30,35,30
12d06h57m-12d20h33m:15,03,22,03,22,08,37,08,37,12
12d07h59m-12d22h05m:67,37,67,22
12d08h32m-12d20h13m:17,15,25,15
12d09h37m-12d23h59m:50,10,55,10,55,25
12d10h20m-12d22h15m:10,20,40,20,40,35
12d11h14m-12d20h03m:05,20,05,35
13d00h18m-13d21h27m:15,40,27,40
13d01h12m-13d20h30m:08,03,08,23,20,23
13d01h53m-13d20h37m:60,10,60,25
13d02h52m-13d21h53m:57,30,57,45
13d03h33m-13d20h46m:15,25,15,30,20,30,20,35,30,35,30,40
13d04h34m-13d22h07m:25,25,30,25,30,30,35,30
13d05h13m-13d20h40m:42,08,42,15,47,15,47,27,55,27
13d06h15m-13d22h41m:17,15,25,15
13d07h09m-13d20h37m:25,45,45,45,45,40
13d07h53m-13d23h59m:10,20,40,20,40,35
13d08h32m-13d23h59m:15,10,30,10,30,18
13d09h31m-13d23h59m:15,40,27,40
13d10h26m-13d21h31m:08,03,08,23,20,23
13d11h19m-13d22h14m:60,10,60,25
14d00h14m-14d21h47m:57,30,57,45
14d00h57m-14d22h56m:15,25,15,30,20,30,20,35,30,35,30,40
14d01h52m-14d20h49m:15,03,22,03,22,08,37,08,37,12
14d02h57m-14d23h59m:42,08,42,15,47,15,47,27,55,27
14d03h47m-14d23h59m:67,37,67,22
14d04h53m-14d20h44m:50,10,55,10,55,25
14d05h51m-14d22h52m:10,20,40,20,40,35
14d06h36m-14d23h59m:05,20,05,35
14d07h43m-14d21h36m:15,10,30,10,30,18
14d08h25m-14d20h08m:15,40,27,40
14d09h18m-14d22h05m:60,10,60,25
14d10h11m-14d23h59m:15,25,15,30,20,30,20,35,30,35,30,40
14d11h12m-14d20h23m:25,25,30,25,30,30,35,30
15d00h03m-15d20h44m:42,08,42,15,47,15,47,27,55,27
15d01h21m-15d22h35m:17,15,25,15
15d02h03m-15d20h48m:50,10,55,10,55,25
15d03h21m-15d23h59m:10,20,40,20,40,35
15d04h18m-15d21h27m:05,20,05,35
15d05h10m-15d22h59m:15,40,27,40
15d06h19m-15d21h55m:08,03,08,23,20,23
15d07h27m-15d20h31m:60,10,60,25
15d08h17m-15d21h02m:57,30,57,45
15d09h16m-15d23h59m:15,25,15,30,20,30,20,35,30,35,30,40
15d10h19m-15d22h04m:15,03,22,03,22,08,37,08,37,12
15d11h05m-15d21h53m:67,37,67,22
16d00h27m-16d22h07m:50,10,55,10,55,25
16d01h41m-16d21h23m:10,20,40,20,40,35
16d02h30m-16d23h59m:05,20,05,35
16d04h04m-16d21h41m:15,40,27,40
16d05h18m-16d20h05m:60,10,60,25
16d06h20m-16d23h59m:57,30,57,45
16d07h46m-16d20h19m:15,25,15,30,20,30,20,35,30,35,30,40
16d08h28m-16d20h15m:15,03,22,03,22,08,37,08,37,12
16d10h04m-16d20h12m:67,37,67,22
16d11h17m-16d22h03m:50,10,55,10,55,25
17d00h27m-17d20h54m:25,45,45,45,45,40
17d01h10m-17d20h17m:05,20,05,35
17d02h13m-17d21h52m:15,40,27,40
17d02h45m-17d23h59m:60,10,60,25
17d04h00m-17d23h59m:15,25,15,30,20,30,20,35,30,35,30,40
17d04h39m-17d22h40m:25,25,30,25,30,30,35,30
17d05h38m-17d20h31m:42,08,42,15,47,15,47,27,55,27
17d06h41m-17d23h59m:67,37,67,22
17d07h31m-17d22h25m:50,10,55,10,55,25
17d08h34m-17d21h02m:25,45,45,45,45,40
17d09h15m-17d21h38m:05,20,05,35
17d10h19m-17d21h20m:15,40,27,40
17d11h24m-17d21h23m:08,03,08,23,20,23
18d00h25m-18d22h02m:57,30,57,45
18d01h46m-18d20h56m:15,25,15,30,20,30,20,35,30,35,30,40
18d03h28m-18d22h24m:25,25,30,25,30,30,35,30
18d05h10m-18d20h01m:15,03,22,03,22,08,37,08,37,12
18d06h00m-18d20h59m:42,08,42,15,47,15,47,27,55,27
18d07h55m-18d20h13m:67,37,67,22
18d09h07m-18d22h49m:17,15,25,15
18d10h34m-18d20h36m:25,45,45,45,45,40
19d00h06m-19d20h29m:10,20,40,20,40,35
19d01h03m-19d22h39m:05,20,05,35
19d02h07m-19d21h54m:15,40,27,40
19d03h04m-19d20h22m:60,10,60,25
19d04h18m-19d23h59m:15,25,15,30,20,30,20,35,30,35,30,40
19d05h11m-19d20h29m:25,25,30,25,30,30,35,30
19d06h05m-19d21h47m:42,08,42,15,47,15,47,27,55,27
19d07h00m-19d20h47m:67,37,67,22
19d08h25m-19d21h57m:50,10,55,10,55,25
19d09h09m-19d20h56m:10,20,40,20,40,35
19d10h03m-19d21h55m:05,20,05,35
19d11h08m-19d20h39m:15,10,30,10,30,18
20d00h14m-20d22h53m:08,03,08,23,20,23
20d01h00m-20d21h41m:57,30,57,45
20d02h14m-20d21h08m:15,25,15,30,20,30,20,35,30,35,30,40
20d03h00m-20d23h59m:25,25,30,25,30,30,35,30
20d04h22m-20d20h43m:42,08,42,15,47,15,47,27,55,27
20d05h28m-20d23h59m:17,15,25,15
20d06h24m-20d22h17m:25,45,45,45,45,40
20d07h27m-20d21h29m:10,20,40,20,40,35
20d08h02m-20d22h05m:15,10,30,10,30,18
20d09h14m-20d21h19m:08,03,08,23,20,23
20d10h15m-20d22h48m:57,30,57,45
20d11h14m-20d22h12m:15,25,15,30,20,30,20,35,30,35,30,40
21d00h22m-21d23h59m:25,25,30,25,30,30,35,30
21d01h11m-21d22h01m:42,08,42,15,47,15,47,27,55,27
21d01h47m-21d21h04m:17,15,25,15
21d02h52m-21d20h16m:50,10,55,10,55,25
21d03h33m-21d22h04m:10,20,40,20,40,35
21d04h28m-21d23h59m:05,20,05,35
21d05h25m-21d21h57m:15,40,27,40
21d05h59m-21d21h43m:60,10,60,25
21d06h57m-21d23h59m:57,30,57,45
21d07h48m-21d21h09m:15,25,15,30,20,30,20,35,30,35,30,40
21d08h42m-21d22h39m:25,25,30,25,30,30,35,30
21d09h26m-21d21h53m:42,08,42,15,47,15,47,27,55,27
21d10h26m-21d21h46m:17,15,25,15
21d11h04m-21d22h32m:50,10,55,10,55,25
22d00h25m-22d23h59m:10,20,40,20,40,35
22d01h17m-22d22h16m:15,10,30,10,30,18
22d01h50m-22d23h59m:15,40,27,40
22d02h49m-22d20h50m:08,03,08,23,20,23
22d03h40m-22d22h37m:57,30,57,45
22d04h50m-22d20h38m:25,25,30,25,30,30,35,30
22d05h47m-22d22h05m:42,08,42,15,47,15,47,27,55,27
22d06h28m-22d21h53m:17,15,25,15
22d07h40m-22d21h03m:50,10,55,10,55,25
22d08h21m-22d21h10m:10,20,40,20,40,35
22d09h32m-22d22h56m:15,10,30,10,30,18
22d10h18m-22d20h02m:15,40,27,40
22d11h24m-22d23h59m:60,10,60,25
23d00h03m-23d21h29m:15,25,15,30,20,30,20,35,30,35,30,40
23d02h00m-23d23h59m:25,25,30,25,30,30,35,30
23d03h08m-23d21h39m:15,03,22,03,22,08,37,08,37,12
23d04h39m-23d21h36m:42,08,42,15,47,15,47,27,55,27
23d06h15m-23d22h48m:17,15,25,15
23d08h02m-23d21h57m:25,45,45,45,45,40
23d09h19m-23d22h31m:05,20,05,35
23d10h45m-23d20h25m:15,40,27,40
24d00h10m-24d20h14m:08,03,08,23,20,23
24d01h37m-24d22h22m:57,30,57,45
24d02h48m-24d23h59m:25,25,30,25,30,30,35,30
24d03h51m-24d21h34m:15,03,22,03,22,08,37,08,37,12
24d04h48m-24d20h36m:42,08,42,15,47,15,47,27,55,27
24d06h25m-24d20h35m:67,37,67,22
24d07h22m-24d23h59m:17,15,25,15
24d08h36m-24d22h02m:25,45,45,45,45,40
24d09h56m-24d23h59m:10,20,40,20,40,35
24d11h21m-24d22h54m:05,20,05,35
25d00h13m-25d20h52m:15,10,30,10,30,18
25d01h12m-25d23h59m:08,03,08,23,20,23
25d02h13m-25d22h34m:60,10,60,25
25d03h09m-25d23h59m:15,25,15,30,20,30,20,35,30,35,30,40
25d04h01m-25d22h45m:25,25,30,25,30,30,35,30
25d04h58m-25d20h29m:15,03,22,03,22,08,37,08,37,12
25d05h51m-25d20h51m:42,08,42,15,47,15,47,27,55,27
25d06h45m-25d22h37m:67,37,67,22
25d07h43m-25d20h49m:50,10,55,10,55,25
25d08h16m-25d22h52m:10,20,40,20,40,35
25d09h31m-25d21h31m:05,20,05,35
25d10h14m-25d20h49m:15,40,27,40
25d11h02m-25d20h43m:08,03,08,23,20,23
26d00h25m-26d20h40m:60,10,60,25
26d01h21m-26d20h56m:15,25,15,30,20,30,20,35,30,35,30,40
26d02h38m-26d23h59m:25,25,30,25,30,30,35,30
26d03h39m-26d20h53m:15,03,22,03,22,08,37,08,37,12
26d04h33m-26d23h59m:42,08,42,15,47,15,47,27,55,27
26d05h46m-26d21h06m:67,37,67,22
26d06h47m-26d22h51m:50,10,55,10,55,25
26d07h40m-26d20h05m:10,20,40,20,40,35
26d08h57m-26d20h05m:15,10,30,10,30,18
26d09h53m-26d20h40m:15,40,27,40
26d11h17m-26d21h00m:08,03,08,23,20,23
27d00h07m-27d21h56m:57,30,57,45
27d01h24m-27d23h59m:15,25,15,30,20,30,20,35,30,35,30,40
27d02h40m-27d23h59m:15,03,22,03,22,08,37,08,37,12
27d03h33m-27d21h09m:42,08,42,15,47,15,47,27,55,27
27d04h47m-27d21h43m:17,15,25,15
27d05h32m-27d23h59m:50,10,55,10,55,25
27d06h40m-27d21h53m:10,20,40,20,40,35
27d08h02m-27d22h16m:05,20,05,35
27d09h04m-27d23h59m:15,10,30,10,30,18
27d09h47m-27d20h46m:08,03,08,23,20,23
27d11h18m-27d21h32m:57,30,57,45
28d00h19m-28d21h45m:25,25,30,25,30,30,35,30
28d01h13m-28d22h14m:15,03,22,03,22,08,37,08,37,12
28d02h06m-28d20h56m:42,08,42,15,47,15,47,27,55,27
28d03h19m-28d23h59m:17,15,25,15
28d04h10m-28d22h11m:50,10,55,10,55,25
28d05h18m-28d23h59m:10,20,40,20,40,35
28d06h04m-28d23h59m:05,20,05,35
28d07h08m-28d22h57m:15,40,27,40
28d08h22m-28d20h00m:08,03,08,23,20,23
28d09h26m-28d22h18m:60,10,60,25
28d10h24m-28d22h12m:57,30,57,45
28d11h18m-28d21h48m:15,25,15,30,20,30,20,35,30,35,30,40
