01d00h31m-01d21h35m:15,10,30,10,30,18
01d01h13m-01d20h38m:08,03,08,23,20,23
01d02h40m-01d22h32m:57,30,57,45
01d03h54m-01d21h25m:25,25,30,25,30,30,35,30
01d05h05m-01d21h37m:42,08,42,15,47,15,47,27,55,27
01d06h25m-01d22h33m:17,15,25,15
01d07h25m-01d20h55m:50,10,55,10,55,25
01d08h50m-01d21h26m:25,45,45,45,45,40
01d10h07m-01d22h29m:10,20,40,20,40,35
01d11h19m-01d20h29m:05,20,05,35
02d00h05m-02d22h40m:15,40,27,40
02d01h06m-02d22h15m:60,10,60,25
02d02h17m-02d23h59m:57,30,57,45
02d03h23m-02d20h00m:25,25,30,25,30,30,35,30
02d04h35m-02d21h33m:15,03,22,03,22,08,37,08,37,12
02d05h42m-02d20h17m:67,37,67,22
02d07h00m-02d20h10m:17,15,25,15
02d07h35m-02d21h33m:25,45,45,45,45,40
02d09h08m-02d21h10m:05,20,05,35
02d09h56m-02d22h11m:15,40,27,40
02d10h58m-02d23h59m:60,10,60,25
03d00h21m-03d23h59m:15,25,15,30,20,30,20,35,30,35,30,40
03d01h23m-03d21h16m:25,25,30,25,30,30,35,30
03d02h19m-03d23h59m:42,08,42,15,47,15,47,27,55,27
03d03h16m-03d22h01m:17,15,25,15
03d04h10m-03d23h59m:50,10,55,10,55,25
03d05h11m-03d21h43m:25,45,45,45,45,40
03d06h11m-03d21h39m:05,20,05,35
03d07h20m-03d23h59m:15,10,30,10,30,18
03d08h09m-03d22h57m:15,40,27,40
03d09h10m-03d20h11m:60,10,60,25
03d10h22m-03d22h46m:57,30,57,45
03d11h15m-03d23h59m:25,25,30,25,30,30,35,30
04d00h15m-04d22h30m:42,08,42,15,47,15,47,27,55,27
04d01h07m-04d20h07m:17,15,25,15
04d01h55m-04d21h48m:50,10,55,10,55,25
04d02h45m-04d21h49m:25,45,45,45,45,40
04d04h03m-04d20h52m:10,20,40,20,40,35
04d04h45m-04d21h04m:15,10,30,10,30,18
04d05h33m-04d22h23m:15,40,27,40
04d06h38m-04d21h44m:60,10,60,25
04d07h27m-04d22h42m:57,30,57,45
04d08h28m-04d20h43m:25,25,30,25,30,30,35,30
04d09h37m-04d20h07m:42,08,42,15,47,15,47,27,55,27
04d10h13m-04d23h59m:67,37,67,22
04d11h23m-04d20h57m:50,10,55,10,55,25
05d00h09m-05d23h59m:25,45,45,45,45,40
05d01h01m-05d21h28m:10,20,40,20,40,35
05d01h51m-05d21h00m:15,10,30,10,30,18
05d02h48m-05d23h59m:15,40,27,40
05d03h59m-05d22h47m:60,10,60,25
05d04h55m-05d23h59m:57,30,57,45
05d05h54m-05d23h59m:15,25,15,30,20,30,20,35,30,35,30,40
05d06h39m-05d20h52m:15,03,22,03,22,08,37,08,37,12
05d07h36m-05d20h35m:42,08,42,15,47,15,47,27,55,27
05d08h41m-05d20h28m:17,15,25,15
05d09h12m-05d21h03m:25,45,45,45,45,40
05d10h16m-05d22h51m:05,20,05,35
05d11h03m-05d22h43m:15,10,30,10,30,18
06d00h06m-06d21h16m:08,03,08,23,20,23
06d01h21m-06d22h39m:60,10,60,25
06d02h37m-06d21h07m:57,30,57,45
06d03h25m-06d22h32m:25,25,30,25,30,30,35,30
06d04h29m-06d23h59m:42,08,42,15,47,15,47,27,55,27
06d05h38m-06d23h59m:17,15,25,15
06d07h01m-06d23h59m:25,45,45,45,45,40
06d08h00m-06d22h54m:10,20,40,20,40,35
06d09h08m-06d20h01m:05,20,05,35
06d09h50m-06d20h27m:15,10,30,10,30,18
06d11h20m-06d23h59m:15,40,27,40
07d00h19m-07d22h40m:60,10,60,25
07d01h22m-07d20h21m:57,30,57,45
07d02h47m-07d20h31m:25,25,30,25,30,30,35,30
07d04h25m-07d23h59m:42,08,42,15,47,15,47,27,55,27
07d05h34m-07d20h36m:67,37,67,22
07d06h48m-07d20h11m:17,15,25,15
07d08h14m-07d22h24m:25,45,45,45,45,40
07d09h42m-07d21h45m:05,20,05,35
07d11h00m-07d22h46m:15,10,30,10,30,18